105
199 99
3 3
289629644 32
417304805 46
195 99
99 100
128124448 100
1000000000 1
4 3
3 7
202 100
98 100
524548163 21
1000000000 3
558689828 44
3 2
4 8
7 2
4 1
97 100
2 100
1 99
1 73
3 100
6 3
5 1
999999999 3
411787879 54
6 2
4 7
999999999 99
670528042 10
1000000000 94
200 99
200 100
59243198 88
800744567 72
3 5
199 100
4 5
3 4
999999999 100
197 99
1 2
2 2
196 99
997184809 100
114382 1
1 100
100 99
2 3
146755893 1
8 3
101 99
1 3
671654092 96
1000000000 40
201 99
829603365 4
5 2
198 99
102 99
201 100
1 10
4 6
2 99
9 3
2 5
1000000000 99
99 99
4 4
313273513 69
999999999 2
2 1
97 99
3 6
876389147 87
100 100
96 99
3 99
3 1
1 1
4 2
894606664 83
236088977 100
5 3
203 100
98 99
4 9
417021999 1
138 6
999999999 1
102 100
2 4
197 100
443452894 88
101 100
968261572 81
197550894 70
103 100
7 3
1000000000 2
1000000000 100
1 31
198 100
